-8847     -8849     11.006410   
-2560     -2562     11.029994   
-2562     -2558     2.297085   
1970536624     1967343264     5.668829   
1967343264     1615401915     49.025177   
1615401915     319432035     1.483895   
247293203     1615404345     8.754199   
1615404345     454231775     9.685644   
454231775     1968799687     48.254007   
1968799687     1970536626     7.744026   
-2554     -2552     0.948234   
247293206     -2548     2.253275   
-2548     -2550     10.113776   
-2542     -2544     10.285085   
-2544     -2546     1.066356   
-2546     -2528     0.602095   
-2524     -2540     8.914536   
-2540     247958669     10.165904   
-2384     -2538     2.914571   
301673223     -2536     27.383334   
-2530     -2532     21.966714   
-2532     -2534     3.256964   
-2534     -2526     1.419797   
-2512     -2514     11.165903   
-2506     -2508     8.228499   
-2504     54060647     9.977943   
-2500     -2502     5.162684   
-2496     -2498     9.668899   
-2492     -2494     5.897820   
-2488     -2490     15.901130   
-2484     -2486     12.846290   
-2480     -2482     6.676342   
-2476     -2478     7.261741   
-2472     -2474     9.257120   
-2468     -2470     22.717100   
984231161     -2466     7.518817   
-2464     304990730     13.963658   
-2460     -2462     9.169756   
-2456     -2458     7.490953   
-2458     247293176     5.327852   
-2452     -2454     1.114239   
-2448     -2450     0.773047   
-2440     -2444     9.749005   
-2444     -2446     3.611342   
-2438     -2440     3.098643   
-2440     -2442     15.432221   
-2430     -2432     11.269222   
-2428     247293214     13.068055   
-2426     1160269683     3.648277   
-2422     -2424     3.547163   
-2418     -2420     8.367517   
-2380     -2416     2.532942   
-2386     -2414     1.714206   
-2388     -2412     1.885627   
-2394     -2410     2.314190   
-2390     -2408     1.971337   
-2398     -2406     2.571322   
-2392     -2404     1.971337   
-2400     -2402     3.514140   
247293216     -2382     4.403466   
-2378     -2376     8.348277   
-2374     -2372     6.136939   
-2370     -2368     9.482416   
-2366     -2364     6.377433   
-2362     -2360     3.117089   
7270052     7270055     13.915244   
7270055     7270056     12.579096   
7270056     7270058     27.306983   
21069412     993673509     18.983409   
993673509     993673515     15.481623   
21545939     1601125109     2.754226   
1601125109     1601125136     9.019671   
26653391     26653390     11.407395   
26653390     26653389     14.160581   
26653389     26653388     8.505061   
26653388     1150101849     5.622446   
1150101849     26653387     5.187056   
26653387     26653386     13.188794   
26653386     26653385     11.229500   
26653385     26653384     12.267297   
26653384     26653383     8.690868   
-2143395365     26653394     23.545754   
26653394     26653393     5.848366   
26653393     26653392     11.374280   
26653392     26653391     14.693261   
26653389     26653396     10.921573   
26653396     26653400     64.363955   
26653400     26653402     75.634597   
26653402     26653403     2.533029   
26653403     26653404     9.875318   
26653404     26653405     12.021451   
26653405     26653406     5.648721   
26653406     26653407     18.595346   
-2143395366     26653408     23.780143   
26653408     26653389     22.797368   
26653414     26653415     4.489525   
26653415     26653416     3.887807   
-1887796224     26653394     0.796395   
26653402     1698094567     32.155548   
1698094567     27081298     7.374793   
27081298     27081300     42.607110   
27081300     27081301     42.868977   
27081301     1643830811     27.687080   
1643830811     27081302     12.999439   
27081302     1150101850     12.331083   
1150101850     1160269580     11.919775   
1160269580     1150101875     39.182626   
298186506     747560524     11.041884   
747560524     298186510     9.168461   
298186510     9791529     7.928068   
31004228     1152071958     12.883488   
1152071958     1643851245     11.202085   
1643851245     1643851239     10.923822   
1643851239     31004229     21.659913   
31004229     288963460     41.347604   
288963460     288976337     34.829366   
288976337     31004230     15.800366   
31004230     1698087079     26.534901   
48930560     1152071953     9.414128   
1152071953     1152071943     8.413295   
1152071943     247957029     28.469169   
247957029     247958702     56.384867   
247958702     304990723     73.045291   
304990723     49511828     29.913689   
49511828     298186499     27.611013   
298186499     395710376     18.778780   
395710376     1160269690     33.101915   
1160269690     48930588     17.928341   
48945804     48945801     25.395937   
48945801     48945799     8.614743   
48945799     48945797     71.537722   
48945797     48945795     7.675972   
48945795     48945792     10.462365   
48945792     7270077     18.380511   
49509575     353914405     22.080851   
353914405     49509980     15.889830   
49509980     49510014     39.903270   
49510014     920423484     12.032610   
920423484     49510335     24.773444   
49510335     49510365     38.796082   
49510365     50773820     14.418973   
50773820     49510370     16.273336   
49510370     50773817     18.739038   
50773817     49510378     19.569540   
49510378     49510383     20.195932   
49510383     7270040     11.373100   
49509575     31004238     72.483970   
49509575     49510397     44.160959   
49510397     49510408     74.308033   
288963460     288963465     91.598690   
288963465     53358618     55.355653   
53358618     53358714     47.028660   
53358649     53358700     18.520642   
53358700     920423655     17.191396   
920423655     53358706     11.211583   
53358706     53358711     16.477002   
53358711     49510408     11.188786   
49510408     49510415     31.355027   
49510415     921305204     16.421970   
921305204     49510418     3.961155   
7270035     49511698     21.819983   
49511698     304990778     8.162913   
304990778     301673135     7.278200   
301673135     49511715     16.742003   
49511715     49511720     25.931511   
49511720     49511765     24.983995   
49511765     49511781     52.669890   
49511781     49511795     57.409438   
49511795     49511821     23.141008   
49511821     49511828     52.729686   
274156147     -1887884934     62.315186   
-1887884934     151854594     10.042036   
151854594     -1887884917     21.091706   
-1887884917     274156150     7.397179   
274156150     288953354     26.329006   
288953354     274156151     9.184139   
274156151     288953370     13.770230   
288953370     288953366     6.582896   
288953366     274156153     18.250815   
274156153     354734668     41.456025   
354734668     354734667     10.135616   
48900282     921304562     79.459530   
921304562     41337014     0.346553   
41337014     41337020     50.906751   
41337020     1160269578     7.697749   
1160269578     41337023     7.836437   
41337023     41337027     29.482852   
41337027     41337031     9.822784   
50773846     50773839     36.354443   
41337027     1150101859     12.046233   
1150101859     1150101900     14.612952   
1150101900     50773842     47.296737   
50773842     1150101889     23.313015   
1150101889     50773846     5.701834   
7270043     50773834     50.079645   
50773825     921305006     5.806790   
921305006     920423392     14.976735   
920423392     920423382     18.909627   
920423382     50773817     35.709999   
50773830     50773828     0.262043   
21133758     21133759     49.333972   
21133759     21133760     50.082147   
21133760     21133761     56.612882   
21133761     21133762     55.430967   
21133762     21133763     22.604992   
21133763     21133764     33.641223   
21133764     21133765     11.520456   
21545964     250525999     5.209138   
250525999     52635272     38.830302   
52635273     52635272     45.333871   
52635272     52635269     36.208367   
52635269     52635270     48.423860   
52635270     52635273     41.713978   
52635270     52635265     13.600403   
52732230     342647080     14.629864   
342647080     52635279     32.122154   
21545963     250525998     7.215436   
250525998     52635274     87.802802   
52732399     250221629     80.713001   
250221629     52635274     7.955984   
31004285     1644818711     12.454057   
1644818711     1644818715     13.334999   
1644818715     -1887621628     12.730969   
-1887621628     -1887621624     20.218364   
-1887621624     21069420     12.748059   
21069420     983407599     8.036582   
983407599     -2358     8.329061   
21069421     31004286     16.059353   
31004286     -1887621620     3.951655   
-1887621620     354734671     8.813603   
354734671     1644818712     5.317007   
1644818712     1644818710     7.861927   
1644818710     31004285     11.911451   
52871154     52871161     11.160080   
52871161     1862252966     34.586281   
52871154     -1851654833     20.622718   
-1851654833     52871157     36.306662   
52871157     1862252977     13.509158   
1862252977     52871159     14.359957   
52871159     250225338     3.875003   
250225338     151917543     18.020730   
52871146     52871149     27.034475   
52871149     52871152     8.019255   
52871152     52871154     6.746704   
304898244     304898245     8.399023   
304898245     52871144     6.366409   
52871144     304898246     8.939957   
304898246     52871146     10.590382   
52871146     342647082     64.020208   
21069423     247293286     27.522238   
247293286     247293164     1.743848   
247293164     52905103     1.432212   
54060543     354734674     17.022112   
354734674     354734667     14.297087   
31004245     7270077     46.544590   
7270077     7270071     7.127779   
7270071     7270070     16.110181   
7270070     7270067     21.164997   
7270067     7270066     17.602861   
7270066     7270065     11.209781   
7270065     7270062     13.554809   
7270062     7270061     14.826028   
7270061     7270058     12.518840   
7270058     50773839     9.077590   
50773839     -2034126738     13.760577   
53358688     53358682     21.813801   
53358682     921304957     18.748395   
921304957     53358642     32.637293   
53358642     920423652     31.822788   
920423652     49509575     33.157303   
-2143395362     53358642     93.550776   
53358626     921345535     42.437635   
921345535     55424432     101.368511   
55424432     921345544     21.894113   
921345544     -2143395364     31.026880   
54060547     -8761     9.978838   
-8761     -8759     12.928848   
-8759     54060488     18.383026   
54060488     54060489     31.572448   
1150101838     54060376     5.047173   
54060376     54060380     12.140975   
54060380     54060383     12.642442   
54060383     54060386     10.063355   
54060386     54060390     7.172691   
54060390     54060392     8.320174   
54060392     54060396     6.694326   
54060396     54060399     6.884680   
54060399     54060401     8.053730   
54060401     54060405     21.874183   
54060405     54060407     10.277376   
54060407     54060409     7.033109   
54060409     54060411     8.014333   
54060411     54060414     8.355313   
54060414     54060417     4.736686   
54060417     54060343     3.601489   
1150101880     54060421     4.109445   
54060421     54060427     10.177296   
54060427     54060433     4.376319   
54060433     54060437     4.619909   
54060437     54060442     7.069766   
54060442     54060446     7.886046   
54060446     54060449     8.233287   
54060449     54060452     5.634796   
54060452     54060455     3.990854   
54060455     54060458     4.294189   
54060458     54060461     4.496725   
54060461     54060464     5.798576   
54060464     54060467     9.458466   
54060467     54060471     7.975760   
54060471     54060474     8.584196   
54060474     54060475     5.723657   
54060475     54060478     2.514730   
54060478     54060481     4.376222   
54060481     54060484     5.021790   
54060484     54060486     5.871613   
54060486     54060417     7.701330   
301382603     54060499     8.107004   
54060499     -2486     15.152823   
-2486     1150101838     13.083601   
1150101838     54060595     43.984890   
54060595     1150101880     8.107001   
1150101880     54060502     46.121979   
54060502     1668111635     31.768027   
1668111635     54060506     16.383602   
54060506     54060510     8.920988   
54060510     54060547     7.359336   
54060547     54060515     4.708258   
54060515     984231603     16.131457   
984231603     54060524     14.309683   
54060527     54060545     4.559878   
54060545     1668111636     23.404504   
54060561     1668111640     11.873140   
54060557     54060565     13.383949   
54060343     54060492     10.870048   
54060492     54060608     1.365461   
54060608     54060611     6.206581   
54060611     54060613     7.069873   
54060613     54060615     6.814071   
54060615     54060617     8.300032   
54060647     54060649     8.923072   
54060649     54060651     10.600192   
54060651     985096827     12.456299   
21069419     54070538     15.405321   
54070538     54070520     19.388975   
54070520     54070540     19.271876   
54070540     54070542     18.757979   
54070542     54070548     19.925407   
54070548     54070550     17.508100   
54070550     54070553     17.830169   
54070553     54070557     16.388843   
54070557     54070558     16.571177   
54070558     54070561     16.113672   
54070561     54070564     16.217699   
54070564     54070615     30.064498   
54070538     54070583     7.919270   
54070583     54070586     7.293799   
54070520     52905141     39.643090   
54070542     54070597     32.564581   
54070548     54070601     32.725464   
54070550     54070603     30.826027   
54070603     54070620     7.693005   
54070557     54070608     31.856054   
54070553     54070606     32.015452   
54070561     52905134     29.005329   
54070558     54070611     30.314326   
54070540     54070592     30.395938   
288963474     54093194     24.757126   
54093194     54093197     25.902055   
54093197     31004229     43.593086   
54093197     54093200     27.941529   
54060524     984231425     5.661112   
984231425     1187324690     31.820435   
1187324690     984231428     20.914754   
54741756     41337058     22.033801   
41337058     1563622352     18.060656   
1563622352     41337049     10.286280   
41337049     1563622351     17.922779   
1563622351     41337047     9.153943   
41337047     41337044     18.133869   
41337044     57627860     20.529308   
57627860     1563529904     30.551926   
1563529904     1563529900     39.227864   
1563529900     41337031     36.110051   
54744188     54744185     12.789017   
50773820     54092996     88.998317   
55424694     921345545     35.861370   
921345545     55424432     34.380620   
55424436     55424440     63.869259   
55424440     921345534     39.776966   
55424440     55424443     23.567019   
55424443     55424472     4.187503   
55424472     55424635     3.754709   
55424635     55424639     3.098176   
55424639     55424644     4.364369   
55424644     55424650     23.833591   
55424650     55424658     7.198799   
55424658     55424665     7.610658   
55424665     55424673     6.955557   
55424673     55424683     5.083674   
55424683     55424437     7.741513   
55424437     1643862538     4.290337   
1643862538     55424436     12.578067   
55424436     55424432     33.689321   
54060643     1187324679     12.280129   
1187324679     -2420     19.089946   
-2420     57620252     18.126276   
57620252     -2474     43.811956   
-2474     57620248     8.002224   
57620248     -2470     27.486595   
-2470     1644818711     9.237334   
31004273     31004274     28.478527   
31004274     31004275     26.036165   
31004275     31004276     27.316013   
31004276     -2432     4.055885   
-2432     31004277     22.882843   
31004271     31004273     23.915254   
31004273     59775853     81.759951   
59775853     59775852     18.787305   
31004259     31004270     14.389072   
31004270     31004271     15.645735   
31004271     54060645     14.154541   
54060645     -2514     9.074291   
-2514     31004272     6.541787   
31004272     54060620     14.643514   
54060620     54060623     18.947144   
54060623     -2482     6.796135   
-2482     54060624     17.014651   
54060624     54060617     12.344585   
54060617     54060627     7.573246   
54060627     54060647     7.202611   
54060647     54060628     6.887637   
54060628     54060630     18.295626   
54060630     54060632     20.255678   
54060632     54060635     14.876251   
54060635     54060637     11.442156   
54060637     54060643     8.263540   
31004277     301677729     82.068927   
301677729     -2442     3.414472   
-2442     1603595524     17.799532   
1603595524     301677725     10.872653   
301677725     301677728     7.381574   
301677728     301673175     19.234626   
301673175     57627860     21.571146   
41337031     304990766     25.735515   
304990766     31004280     38.258186   
31004280     31004281     31.701161   
59775853     274057352     26.709649   
274057352     1563622361     24.538946   
1563622361     274057354     2.245241   
274057354     1603595522     3.893750   
1603595522     274057355     24.035396   
274057355     -2446     1.412897   
-2446     301677729     25.151568   
7270024     7270027     1.994867   
7270027     7270029     4.482656   
7270009     50773825     22.788798   
50773825     921305120     22.008840   
921305120     7270034     21.921618   
50773828     301673133     13.061041   
301673133     7270029     21.406068   
7270029     1152071920     7.830574   
1152071920     7270030     8.565047   
7270030     354891737     8.685419   
354891737     7270034     17.927885   
7270034     7270035     29.780721   
7270035     7270040     20.178505   
7270040     7270041     21.426430   
7270041     7270042     11.745624   
7270042     7270043     15.820662   
54070564     54070613     21.621821   
26653386     26653408     23.065689   
26653408     26653392     23.740918   
26653392     1150101835     66.224910   
27081332     27081333     26.165167   
27081333     984231081     59.625956   
984231081     26653386     47.476118   
151854594     151854598     24.623047   
151854598     151854600     14.484498   
151854600     151854604     13.993650   
151854604     151854610     12.336160   
151854610     151854614     42.436428   
151854614     151854618     12.756735   
151854618     151854706     12.597756   
151854706     151854710     21.247237   
151854710     151854712     15.250887   
151854712     151854715     12.055526   
151854715     151854719     14.821685   
151854719     151854723     32.499859   
151854723     151854727     11.381783   
151854727     1601125112     7.322179   
151854604     -1887865276     9.535125   
-1887865276     151854759     17.209176   
151854759     274082792     15.223837   
274082792     -1888556230     1.381844   
-1888556230     151854784     3.155316   
151854759     151854764     30.967366   
151854764     -1887865268     6.393868   
-1887865268     151854761     2.699490   
151854764     151854768     26.071375   
151854770     151854768     16.869028   
151854768     151854775     6.923238   
151854775     151854778     6.561434   
151854778     -1887865278     6.559817   
-1887865278     -1887865275     3.975524   
-1887865275     -1887865280     12.742972   
-1887865280     -1887865265     8.155694   
151854614     151854788     18.165833   
151854788     -1886286497     6.221985   
-1886286497     151854793     5.155359   
151854793     -1886286512     3.718770   
-1886286512     -1886286516     3.574767   
-1886286516     -1886286495     5.310580   
-1886286495     -1886286505     4.917245   
-1886286505     -1886286510     9.796175   
-1886286510     -1886286488     6.435103   
921270535     921270536     65.251867   
151854719     151854798     22.970021   
151854798     151854801     21.751493   
151854801     151854805     8.012936   
151854805     -1887763522     6.332436   
-1887763522     151854811     4.001151   
151854811     -1887763521     4.606941   
-1887763521     151854812     4.641426   
151854812     151854818     5.173216   
151854818     151854855     12.840294   
151854855     151854823     9.199099   
151854798     151854827     23.552301   
151854827     151854832     5.565505   
151854832     151854837     2.606059   
151854837     151854841     1.961610   
151854841     151854845     2.696073   
151854827     151854852     13.825535   
151854855     151854857     13.271695   
151854801     151854859     2.778743   
151854859     151854861     4.040440   
151854861     151854863     64.936358   
151854863     151854870     3.620379   
151854870     151854875     2.747170   
151854875     151854879     2.533126   
151854879     151854883     6.372371   
151854883     151854886     9.332849   
151854886     151854894     32.173094   
151854894     151854891     8.552366   
151854863     151854866     17.547164   
151880403     151880406     25.119421   
151880406     151880413     23.142213   
151880413     151880497     12.467720   
151880497     151880424     17.230505   
151880424     151880428     13.988011   
151880428     151880432     5.832371   
151880432     151880436     3.962795   
151880436     151880440     6.029461   
151880440     151880447     11.023084   
151880447     151880450     8.252578   
151880450     151880460     7.543516   
151880460     151880467     6.414194   
151880467     151880771     6.042268   
151880413     151880473     3.774553   
151880473     151880479     2.348791   
151880479     151880483     3.086181   
151880483     151880487     1.394605   
151880487     151880491     2.369961   
151880497     151880503     45.158162   
151880447     151880511     2.924867   
151880511     151880513     2.088884   
151880513     151880520     2.126019   
151880428     151880524     10.620378   
151880524     151880528     23.492814   
151880528     151854736     11.379699   
151880771     151880775     17.258241   
151880775     151880778     5.814795   
151880778     151880503     37.549327   
151880503     151880784     43.192783   
151854712     -1887859184     6.958110   
-1887859184     151917301     7.040541   
151917301     151917302     12.275897   
151917302     -1887859206     6.319385   
-1887859206     151917303     5.368801   
151917314     151917305     10.489144   
151917305     151917303     37.625764   
151917303     151917306     29.781011   
151917306     151917307     24.759911   
151917310     151917307     6.999435   
151917307     151917312     10.830633   
151917354     151917356     8.003600   
151917356     151917362     10.206613   
151917362     151917368     9.696640   
151917368     151917374     8.361826   
151917374     151917380     21.451625   
151917380     151917383     10.805978   
151917368     151917510     23.816241   
151917510     151917424     1.459098   
151917424     151917497     17.675352   
151917497     151917580     9.815731   
151917580     151917480     8.358984   
151917480     151917595     9.160454   
151917595     151917468     7.862017   
151917468     151917452     16.907149   
151917452     152063552     3.415069   
152063552     151917440     14.095203   
151917440     152062035     2.056669   
152062035     151917434     15.629199   
151917434     151880755     26.408578   
151854610     151917388     13.819574   
151917388     151917392     9.689373   
151917392     151917398     21.809471   
151917398     151917403     7.567428   
151917403     151917408     11.708506   
151917408     151917411     3.718458   
151917411     151917418     19.212222   
151917418     151917424     21.325543   
151917430     151917517     24.861507   
151917517     151917434     3.499759   
151917440     151917445     28.733541   
151917452     151917522     3.150626   
151917522     151917460     24.430570   
151917468     151917476     28.827898   
151917480     151917527     3.031793   
151917497     151917503     30.916364   
151917510     151917532     2.650478   
151917527     151917484     25.413320   
151917532     151917512     26.433997   
151917418     151917561     27.614083   
151917411     151917563     32.517623   
151917398     151917569     38.361647   
151917392     151917575     56.177792   
151917580     151917585     55.936665   
151917595     151917614     4.641298   
151917614     151917608     47.167625   
151917608     151917599     4.272423   
151917590     151917605     15.159030   
151917585     151917599     16.786299   
151917599     151917590     5.195149   
151880767     151917622     108.857849   
151917622     302743150     4.415777   
302743150     151917575     5.203441   
151917575     151917626     5.370229   
151917626     151917305     11.531933   
151880771     152062034     35.901988   
152062034     151917306     3.085182   
152062035     152062036     8.156891   
152062036     152062038     8.324359   
152062038     152062039     6.903956   
152062039     152063390     7.615593   
152063390     152062040     22.141571   
152062040     152062042     4.808680   
152062042     152063388     8.237265   
152063388     152062044     6.423652   
152062044     152062048     2.611515   
152062048     152062050     4.297762   
152062050     152063581     6.282911   
152063581     152062052     9.458398   
152062052     152063327     11.398120   
152063327     152063333     12.559788   
152063333     152063343     6.879630   
152063343     152063383     7.573226   
152063383     152063348     10.405114   
152063348     152063352     6.049696   
152063352     152063361     5.699972   
152063361     152063367     7.105613   
152063367     152063370     3.857582   
152063370     152063372     5.275873   
152063372     152063528     10.090152   
152063528     152062039     10.437460   
152063333     152063390     39.202557   
152062040     152063501     6.571875   
152063501     151880759     5.885893   
152062044     151880765     7.834467   
152062050     152063570     1.780971   
152063570     152063563     7.097584   
152063563     152063507     13.959160   
152063507     152063565     7.864731   
152063565     152063574     5.477159   
152063574     152063593     7.351652   
152063593     152063513     23.719218   
152063513     152063518     30.522035   
152063518     151917605     6.544161   
151917605     152063520     30.464569   
152063520     152063525     15.526092   
152063525     152063560     10.972902   
152063560     152062038     5.045062   
152063525     152063528     7.761085   
152063520     152063534     8.921330   
152063534     152063542     4.597899   
152063542     152063545     6.242045   
152063545     152063552     8.842378   
152063545     152063560     17.234837   
152063513     152063333     1.381791   
152063565     152063570     12.996116   
152063574     152063581     9.994688   
152063593     152062052     6.247366   
52635273     163639535     8.975401   
163655038     163655020     46.992571   
244449804     1600382094     33.744496   
1600382094     1862252966     5.308377   
1862252966     244449805     33.439417   
244449805     244449807     21.942810   
244449808     244449804     0.514216   
21069424     249661995     38.673160   
249661995     21069425     7.650947   
21069425     664212051     0.743338   
244449810     247957367     18.237431   
247957367     21069424     6.673356   
21069422     454256160     29.833836   
454256160     54070615     21.434250   
54070615     1873019789     2.861296   
1873019789     -2053181562     3.203919   
247293164     247293165     2.581153   
247293165     247293166     3.783098   
247293166     247293167     8.958498   
247293167     247330376     1.872738   
247330376     247293168     18.031588   
247293168     247293169     11.506026   
247293169     247293170     21.316428   
247293170     247293171     22.270931   
247293171     247293172     31.203026   
247293172     247293173     18.740843   
48930588     1160269614     11.039228   
1160269614     247957371     8.238206   
247957371     247957376     35.268425   
247957376     249338805     8.393404   
249338805     247293173     19.166423   
247293173     1160269499     10.384828   
247293176     247293178     23.266206   
247293178     247330398     4.539171   
247330398     1685591179     21.903170   
1685591179     247958728     12.391201   
247958728     247330399     16.024146   
247330399     247293177     18.970163   
247293189     247293190     8.264833   
247293192     247293193     27.584929   
247293193     247293194     19.971052   
247293194     247293217     3.493455   
247293217     247293198     23.385335   
247293198     247293192     19.806881   
1685591179     247330380     9.936513   
247330380     247958727     17.313570   
247958727     247293190     3.391175   
247293190     -2538     27.384617   
-2538     247293202     18.880005   
247293202     -2450     33.256520   
-2450     247293200     36.648541   
247293200     1160269507     6.474167   
1160269507     1160269686     14.930864   
1160269686     247293201     15.292303   
247293201     319432030     11.824530   
319432030     247957030     4.808657   
247957030     247957031     9.161634   
247957031     41337031     15.624055   
247293208     247293209     6.885713   
247293209     247293210     8.887414   
247293210     247293211     17.195103   
247293211     247293200     9.397414   
247293200     247293203     21.244251   
247293209     249318066     22.979165   
249318066     249318067     23.590272   
249318067     247293198     3.493692   
247293217     -2364     22.113591   
-2364     247293216     4.371555   
247293215     -2508     10.247107   
-2508     247293218     24.843897   
247293218     985096754     21.691665   
985096754     54070501     6.386642   
247293216     985084904     8.757859   
985084904     1160269683     11.228305   
1160269683     247957021     24.171205   
247957021     985084873     4.458181   
247293220     247293221     15.296580   
247293221     354721640     2.749976   
247293274     -2404     32.241581   
-2404     247958726     16.550957   
247958726     -2408     10.477211   
-2408     -2412     28.445505   
-2412     247330399     4.960966   
247330399     -2414     22.928551   
-2414     247293253     56.993593   
247957020     247957022     10.334258   
247957022     247957019     14.628609   
247957019     247957018     11.748538   
247957018     247956995     33.530730   
247293248     247293249     9.003405   
247293249     247293250     10.960799   
247293250     247293251     16.582885   
247293251     247293252     14.933655   
247293247     247293252     12.476165   
52905103     247293257     1.972082   
247293257     247293254     7.218816   
247293254     247330377     64.943047   
247293256     247293257     32.226762   
247293286     244449810     32.060016   
247330378     247330379     2.695787   
247330379     1160269552     4.803971   
247330398     247293188     5.470416   
247353854     247353855     15.782592   
247353855     247353856     6.367076   
247353856     247353859     22.750976   
247353859     247353857     11.557142   
247353857     247353860     2.568236   
247353860     247353858     15.249733   
247353859     247353861     8.867428   
247353861     247353862     6.632167   
247353862     247353863     9.116338   
247353863     247353864     7.226700   
247353864     247353865     9.921256   
247353865     288753144     6.939078   
288753144     151880403     4.309891   
151880403     288753141     6.687503   
288753141     288753142     5.552848   
288753142     288753143     4.555093   
247956996     247956997     22.936128   
31004285     54070505     36.137512   
54070505     -2498     7.886284   
-2498     247956995     11.528967   
247957008     247957009     31.284933   
247957005     247957010     4.114470   
247957010     247957008     3.280389   
247957004     247957012     6.896906   
247957012     247957013     43.369938   
247957021     1160269664     7.856952   
1160269664     247957023     10.404413   
247957023     247957019     21.143554   
985096754     -2494     10.542753   
-2494     247957022     29.485434   
247957022     247957023     14.435228   
301677732     247957026     10.009463   
247957026     247957027     10.662402   
247957027     247957028     5.641194   
247957029     31004281     20.339594   
237230497     247957333     52.926068   
247957333     247957334     6.775782   
247957334     1563096029     3.458820   
247957367     249338785     6.480311   
249338785     247957368     45.323127   
247957368     247957369     39.416563   
247957372     247957373     9.360473   
247957373     247957374     9.414306   
247957374     247957375     19.929881   
247957375     247957376     4.800806   
247957369     247957370     13.605630   
247957370     247957372     17.824886   
247957372     247957371     30.466251   
301673250     301673241     45.856781   
301673241     247958598     1.113520   
247958598     247958611     5.999844   
247958611     247958610     5.769643   
247958610     247958608     3.887660   
247958608     247958607     3.393940   
247958607     247958606     4.946028   
247958606     247958605     3.128711   
247958605     247958604     3.308698   
247958604     301673248     7.990700   
301673248     247958601     1.578637   
247958601     247958600     2.469030   
247958600     247958599     3.296183   
247958599     247293219     4.802330   
247293219     -2502     5.586049   
-2502     247293220     1.720976   
247293220     247293215     17.007753   
247293215     985096764     4.164530   
247958607     247958612     2.857344   
247958612     247958613     3.203904   
247958613     247958614     2.265005   
247958614     247958615     2.405952   
247958615     247958617     2.159762   
247958617     247958618     2.180724   
247958618     247958619     1.363995   
247958619     247958620     1.704538   
247958620     247958621     1.264875   
247958621     247958622     0.922634   
247958622     247958624     1.294615   
247958624     247958625     1.563433   
247958625     247958626     1.142632   
247958626     247958627     0.909328   
247958627     247958628     0.870464   
247958628     247958629     0.829032   
247958629     247958631     1.169564   
247958631     247958632     1.276439   
247958632     247958633     1.048975   
247958633     247958634     0.916999   
247958634     247958635     0.875553   
247958635     247958636     1.155611   
247958636     247958638     0.835119   
247958638     247958639     0.631102   
247958639     247958640     0.611332   
247958640     247958641     0.871823   
247958641     247958642     0.413889   
247958642     247958643     1.099270   
247958640     247958645     1.641059   
247958645     247958646     1.631666   
247958646     247958647     0.778019   
247958647     247958648     1.582972   
247958648     247958649     1.347933   
247958649     247958650     1.072439   
247958650     247958651     1.595065   
247958651     247958653     0.870465   
247958653     247958654     1.118844   
247958654     301673241     1.717225   
247957025     301677710     3.031411   
301677710     247958666     4.378054   
247958666     247958665     4.098841   
247958665     247958663     5.449778   
247958663     247958662     5.059496   
247958662     247958661     3.764235   
247958661     301673220     2.426401   
301673220     247958659     2.966913   
247958659     247958657     2.850600   
247958657     301673223     3.659546   
301673223     247958667     3.247053   
247958667     301673250     4.665593   
247958643     301673229     10.916335   
301673229     247958668     10.536295   
247958668     247958669     14.540987   
247958669     247958670     5.982700   
247958670     247958672     5.972906   
247958672     301673209     7.407206   
301673209     301673215     2.862289   
301673215     247958674     7.328304   
247958674     247958675     8.999855   
247958675     301673220     9.715142   
247958676     247958669     9.263629   
247958678     301677704     19.290352   
301677704     247958679     15.172123   
247958679     1160269703     3.901088   
1160269703     247958680     8.807348   
247958680     319432025     2.230769   
319432025     247958681     13.542372   
247958681     301673206     5.112788   
301673206     301673209     18.942131   
301673209     247958678     7.798881   
301677706     301673215     16.255407   
301677703     301677704     9.363691   
247958702     247958703     9.599271   
247958703     247958705     9.342542   
247958706     247958707     13.458410   
247958707     247958702     14.321994   
247958707     247958708     10.781239   
247293274     247293202     25.718147   
247293202     -2530     6.687081   
-2530     247958724     30.089105   
247958724     247293175     19.740166   
247958724     -2542     25.713476   
-2542     247958725     8.098328   
247958726     247958727     26.555382   
247330377     247958728     81.237480   
247958729     247958731     39.225626   
247958732     247958731     38.129450   
247958731     247958733     34.225202   
9791529     298186509     11.367761   
298186509     48930592     12.518180   
21545947     21545948     21.428074   
21545948     1377189446     16.647319   
1377189446     21545949     4.066559   
21545949     298186520     8.239962   
274070529     249661436     8.245426   
249661436     249661437     2.260121   
274069728     1644773888     9.624601   
1644773888     1967770415     30.061686   
1967770415     274069737     17.015199   
274069737     274069735     6.884933   
274069735     274069733     29.660836   
274069733     274069731     5.645748   
249661995     249661996     20.704746   
21545948     249661997     13.013859   
249661997     249661998     9.980591   
52728502     52635279     31.406426   
52635279     52635278     10.942900   
52635278     163639535     10.712233   
163639535     52635265     43.949885   
52635265     52732399     26.104274   
52732399     52635287     39.745258   
52635287     250221603     19.288444   
250131779     2137538421     71.240421   
2137538421     250131781     13.293419   
250131781     342660349     33.200276   
250131781     250131782     49.707034   
250131782     250131786     13.550572   
250131782     250218815     5.152478   
250218815     1564466415     22.711777   
1564466415     250217033     22.845083   
250221603     250221605     19.366810   
250221605     250221606     10.039038   
250221606     250221609     6.798932   
250221609     250221612     6.061030   
250221612     250221614     6.766541   
250221614     250221616     4.926303   
250221616     250221619     10.502441   
250221619     250221621     9.336368   
250221621     250221623     9.785840   
250221623     250221626     8.864213   
250221626     250221627     8.851586   
250221627     250221631     11.978688   
250221631     250221629     8.299938   
250221634     250221635     4.698033   
250221635     1377189445     3.896829   
1377189445     1377189444     3.815646   
1377189444     1377189434     3.134923   
1377189434     250221639     3.930972   
250221639     1377189432     6.182915   
1377189432     250221641     15.250370   
250221641     250525998     22.963072   
250525998     250525999     27.468678   
250525999     250221642     15.691444   
250221642     250221645     21.304670   
250225338     250225341     52.246979   
250225341     250225342     13.784492   
250225342     1659456268     0.653845   
1659456268     151917549     14.010156   
250217033     250133215     9.948138   
250133215     250133216     33.284389   
250133216     -2143392595     7.834842   
-2143392595     250133218     13.312737   
52728506     26083241     22.311989   
26083241     342633514     32.427312   
342633514     342660331     3.987298   
31004274     274057356     41.383467   
31004275     274057364     58.844001   
274057364     274057354     21.865172   
31004276     274057355     80.452675   
274057358     274057352     15.392171   
274057356     274057358     24.294344   
274057358     274057359     8.886509   
274057359     274057362     8.631753   
274057362     274057363     4.714171   
274057363     274057364     5.483145   
274069780     274069733     11.944932   
274069734     274069787     17.174474   
274069787     274069735     5.975858   
274069784     274069779     10.222508   
274069779     274069778     2.967237   
274069778     274069777     3.089709   
274069777     274069734     6.216511   
274069734     274070524     3.276169   
274070524     274069736     3.683306   
274069736     274069786     17.708669   
274069786     274069737     6.450489   
274069779     274069781     7.363747   
274069781     274069782     2.986480   
274070508     274070516     10.567670   
274070516     274070529     6.713815   
274070529     274070520     8.318464   
274070522     274070526     15.030509   
274070526     274070523     1.946900   
274070523     274070525     5.233688   
274070525     274070524     20.128778   
274070526     274070527     6.537655   
274070527     274070528     6.184061   
274070528     274070518     4.928222   
52866098     52866100     14.312013   
274073134     274073102     11.101825   
274248808     274073102     9.361680   
274073102     49572632     49.075166   
274073125     274073126     12.867860   
274073126     1790852799     3.859920   
1790852799     274252695     21.838575   
274252695     274073127     7.691908   
274073127     274073132     6.622283   
274073132     274252669     3.524815   
274252669     274073133     11.230313   
274073126     -2143395358     51.717264   
274082792     274082794     6.070649   
274082794     -1886288649     9.733456   
-1886288649     -1888556173     1.758860   
-1888556173     -1888556245     1.577767   
-1888556245     -1888556209     8.019530   
-1888556209     274082796     6.042279   
274082796     -1888556198     8.545076   
-1888556198     -1888556231     9.946720   
-1888556231     274082802     3.354966   
274082796     -1888556144     8.909693   
-1888556144     274082803     7.218525   
274082803     -1888556142     2.884132   
-1888556142     274082805     3.470375   
274082805     -1888556117     1.540059   
-1888556117     -1888581130     2.303319   
-1888581130     -1888556128     1.540059   
-1888556128     274082807     3.675513   
274082807     -1888556171     4.782723   
-1888556171     274082809     3.812060   
274082809     -1888556133     3.263677   
-1888556133     -1888556125     4.352760   
-1888556125     274082816     13.085589   
274082816     -1888556234     6.332771   
-1888556234     274082802     4.033550   
274082802     274082811     5.925288   
274082811     -1887865284     2.498728   
-1887865284     -1888581142     4.379034   
-1888581142     274082812     6.172031   
274082812     -1888556127     7.209339   
-1888556127     -1888556150     7.308145   
-1888556150     274082814     6.685540   
151854784     151854755     4.881412   
151854755     274082822     22.126711   
274082822     274082824     7.961943   
274082824     -1886285620     7.879743   
-1886285620     49572641     6.839964   
151854598     151854764     23.051930   
-2143395357     49572638     37.961531   
49572638     151854891     40.286839   
151854891     1790779977     17.890612   
1790779977     49572635     14.208693   
49572635     52866100     17.524119   
274156150     274156161     26.531703   
274156161     274156156     15.829678   
274156157     274156160     17.336239   
274156160     274156159     13.400287   
274156160     274156161     23.291848   
274246828     274246829     13.852841   
274073128     274246831     17.865703   
274246831     274246835     12.989288   
274246835     274246832     16.233426   
274246832     145291618     11.210915   
-2143395356     274246833     3.009686   
274246833     274246834     12.495829   
274246834     274246835     8.169048   
274246831     145291623     6.577607   
274246837     274073133     0.265297   
274252662     274252664     10.843924   
274252664     274252665     8.379714   
274252666     274252665     4.254863   
274252665     274252667     9.845731   
274252667     274073132     11.430929   
274252668     274252669     8.622353   
274252695     274252712     6.898893   
274252696     274252702     10.950270   
49572630     274252709     5.008745   
274252709     274252708     21.165870   
274252709     274252710     21.727750   
274252710     274252711     10.441322   
274252712     274252711     10.716649   
274252711     274252708     5.166587   
274252708     274252696     32.883601   
49572628     274252717     1.578049   
274073129     274252720     7.072508   
-1887884868     278865328     5.159224   
278865328     278865337     15.781126   
278865337     278865329     14.615453   
278865329     278865330     14.491831   
278865330     -1887884791     7.411064   
-1887884791     -1887884750     0.602184   
278865337     -1887884907     1.697919   
-1887884907     -1887884927     5.720264   
-1887884927     -1887884775     4.956354   
-1887884775     278865339     4.130624   
278865339     278865334     16.690448   
278865334     278865332     24.256255   
278865333     288953459     21.948715   
288953459     288953358     9.803865   
288953358     278865336     5.454362   
278865336     -1887884743     17.790935   
-1887884743     278865334     11.098299   
-1887884671     278865335     18.837362   
278865335     -1887884732     4.358417   
-1887884732     278865336     18.219110   
278865339     288953444     4.385052   
288750412     288750413     153.248642   
288750413     288750414     5.362401   
288750414     288750416     9.191137   
288750416     1914623337     13.545163   
288753144     288753145     24.628599   
288753145     288752005     13.846260   
288754246     288754244     10.884525   
288754244     288777800     7.564148   
288777800     288754245     6.214601   
288752016     288757365     10.724076   
288757365     288757367     10.165888   
288757367     288757364     17.449134   
288777800     288777801     30.321051   
288777802     288777801     23.877386   
288777801     288777803     39.723138   
288777803     288777805     10.771414   
288777805     288777862     14.974138   
288777862     288777806     10.556638   
288777806     288777807     2.152044   
288777807     288777861     5.011144   
288777861     288777808     14.834558   
288777808     288777810     10.426178   
288777810     288777809     25.991407   
288777809     288777824     13.713602   
288777824     288777813     10.351947   
288777813     288777823     4.259392   
288777823     288777814     7.250559   
288777810     -1887763498     16.638928   
288777817     288777814     4.662199   
288777814     288777820     11.360288   
288777820     288777822     6.809870   
288777822     288777823     10.698346   
288777822     288777824     4.243643   
288777809     288777825     11.780371   
288777825     288777826     7.363597   
288777826     288777827     5.889557   
288777827     288777828     4.972600   
288777828     288777829     7.919615   
288777829     288777830     10.115094   
288777830     2053377760     30.253899   
288777825     -1887763485     14.660027   
-1887763485     288777832     7.221815   
288777832     288777834     7.794562   
288777834     288777835     5.821402   
288777835     288777836     14.630866   
288777836     288777841     26.316708   
288777841     288777837     13.824549   
288777837     288777838     21.076203   
288777838     288754244     11.770045   
288777839     288777873     4.083201   
288777873     -1887763473     24.671840   
-1887763473     288777840     2.015792   
288777840     -1887763510     14.564261   
288777837     288777860     9.191185   
288777836     288777861     8.135708   
288777862     288777867     12.604539   
-2143395353     288777873     11.029662   
288953352     288953362     2.745931   
288953362     278865333     3.924573   
278865333     -1886275265     11.683601   
-1886275265     288953380     15.872004   
288953380     288953354     24.248190   
288953356     288953358     14.688214   
288953360     288953362     13.305184   
288953364     288953366     10.222305   
288953370     -1887884754     4.587345   
-1887884754     1790797031     6.772871   
1790797031     288953374     9.150640   
288953374     288953395     6.671766   
288953395     288953397     8.091568   
288953397     288953404     7.552033   
288953404     288953406     6.049735   
288953406     -1886275269     1.834046   
-1886275269     -1886275246     2.273876   
-1886275246     288953408     6.486719   
288953408     288953360     8.804272   
288953360     288953410     5.821365   
288953410     288953412     3.206350   
288953412     288953414     2.435540   
288953414     288953416     6.932398   
288953374     288953376     13.823743   
288953376     -1887884802     10.408679   
-1887884802     288953380     2.812700   
288953446     288953444     6.642771   
288953450     288953446     37.574258   
288953412     288953418     10.791702   
288953418     288953423     2.453585   
288953423     288953434     2.328269   
288953434     288953442     2.878477   
288953442     288953352     2.008868   
288953352     288953454     3.591334   
288953454     288953457     22.381772   
288953450     288953459     26.193578   
288958053     288958055     8.608877   
288958055     288958054     11.155459   
54070597     288958058     8.961356   
288958059     288958060     4.415161   
288958060     288958061     5.201089   
288958063     -1887884677     39.706485   
288958066     288958073     31.044276   
288958079     288958082     44.655656   
288958082     288958085     31.638273   
288958085     -1887884783     2.546846   
-1887884783     288958095     35.181724   
288958095     -1887884805     3.040015   
-1887884805     288958080     12.492823   
288958081     288958082     17.694410   
288958083     288958085     15.100892   
288958089     288958095     17.981380   
59775852     288963440     2.886281   
288963440     31004253     29.890621   
288963440     288963441     3.225165   
288963441     288963443     21.592361   
288963443     31004252     6.803390   
288963462     288963465     47.431178   
288976337     288976405     10.197371   
288976405     -2436     19.037007   
-2436     288976346     10.913053   
288976346     288976338     17.568243   
288976338     -8847     11.410324   
-8847     288976339     10.501434   
288976339     288976341     4.122100   
288976341     288976342     5.959105   
288976342     288976343     6.912162   
288976343     288976377     57.816726   
288976377     288976374     5.801170   
288976374     288976344     7.976010   
288976344     288976345     6.122540   
288976345     288976404     29.168473   
288976404     31004254     12.565398   
288976371     -8849     11.288555   
-8849     288976372     13.045012   
48930592     747560525     7.954832   
747560525     298186505     3.377762   
298186505     1857831719     8.463485   
1857831719     298186506     12.052575   
298186515     298186516     6.987375   
298186516     1659456268     4.072272   
1659456268     21545961     31.327812   
21545962     664226304     9.467809   
664226304     298186517     4.143444   
298186517     298186520     7.841620   
7270043     7270046     5.620900   
7270046     7270047     11.335523   
7270047     7270052     17.334856   
7270052     48945804     33.890153   
48945804     31004233     12.839607   
31004233     31004234     10.292579   
31004234     31004235     23.225421   
31004235     31004236     19.913813   
31004236     31004237     12.749754   
31004237     1643862532     8.150329   
1643862532     31004238     7.902554   
31004238     31004239     9.436281   
31004239     1643862534     7.550462   
1643862534     31004240     6.701369   
31004240     31004241     10.430246   
31004241     31004242     9.008441   
31004242     31004243     13.629114   
31004243     31004244     12.514369   
31004244     31004245     13.116971   
50773834     304990762     11.717160   
304990762     48930565     14.954201   
48930565     304990761     9.414696   
304990761     1152071957     10.747927   
1152071957     48930560     6.588243   
298186520     1377189433     3.119558   
1377189433     1659456384     3.441977   
1659456384     21545960     37.806526   
21545960     21545963     4.317751   
21545963     151917543     21.054514   
299089272     304898147     2.626128   
304898147     304898148     2.788890   
304898148     304898149     4.011023   
304898149     304898150     3.883831   
304898150     304898151     4.208868   
304898151     304898152     3.565815   
304898152     304898153     3.199697   
304898153     304898154     3.659275   
304898154     304898155     4.774959   
304898155     304898156     3.395504   
304898156     299089272     3.361200   
247293246     247293245     12.198354   
247293245     247293244     11.039278   
247293244     247293243     11.341690   
247293243     1160269552     15.908563   
1160269552     247293242     4.751023   
247293242     247293241     3.309670   
247293241     247293174     23.588160   
274070508     354734678     25.803951   
163654960     921270449     9.322368   
921270449     163655038     46.645261   
163655038     288757364     14.167298   
288757364     163655025     24.432292   
301673133     301673161     65.240649   
301673161     301673135     24.948876   
52872225     301673138     15.990883   
301673138     301673139     13.666858   
301673139     301673158     22.175504   
301673158     301673142     5.694987   
301673142     301673160     9.217021   
301673160     301673147     8.734060   
301673147     301673148     7.335071   
301673148     304898163     11.165056   
304898163     301673150     3.865269   
301673150     301673153     8.784093   
301673153     301673154     7.692185   
301673154     301673156     5.891761   
301673156     301673158     8.255769   
301673160     301673161     15.363242   
301677703     985084945     33.408245   
985084945     301673200     72.378804   
301673200     247293258     38.023217   
247293217     247293194     3.493455   
247293194     985084880     2.075196   
985084880     301677699     10.124361   
301677699     301677701     6.771131   
301677701     247293258     8.426316   
301677706     247957025     14.371713   
247957025     301677732     24.745855   
301677732     301677729     26.317886   
48930588     550148664     12.951222   
550148664     299089272     41.406461   
247958732     304898246     14.431902   
304990723     304990734     29.002364   
304990734     304990725     7.555956   
304990725     304990727     9.870209   
304990727     304990726     26.017148   
304990727     304990728     28.626669   
304990728     304990729     33.051745   
304990729     304990730     28.719740   
304990725     304990731     13.921375   
304990731     304990732     64.076407   
298186499     304990749     13.229439   
247958708     247958709     14.304405   
247958709     247958711     7.502418   
247958711     247958712     6.131497   
247958712     247958713     7.291459   
247958713     247958719     48.511737   
247293175     304990760     31.491698   
304990760     247958720     11.287044   
247958720     247958721     3.258505   
247958721     247958722     14.475761   
247958722     304990756     24.650626   
304990756     304990758     38.484235   
247958719     304990760     1.114213   
304990762     319432017     21.801786   
319432017     304990763     20.486314   
304990763     304990765     28.757353   
304990765     304990766     40.499129   
48930560     304990768     7.419016   
304990768     304990769     4.983268   
304990769     304990771     21.432509   
304990771     304990772     5.044857   
304990772     304990773     7.779205   
304990773     304990774     13.511109   
304990774     304990775     6.657013   
304990775     304990777     6.993006   
304990777     1152071919     16.966951   
1152071919     304990778     5.774041   
247293208     319432024     8.908573   
319432024     -2554     10.781239   
-2554     319432025     3.138102   
342647082     342647086     21.465379   
342647086     342647088     18.810110   
342647082     342647084     13.213136   
342647084     52728502     14.736758   
342660317     342660319     32.735300   
342660319     26083239     43.456212   
342660327     247958733     51.194379   
247958733     52728506     39.938320   
342660331     342660333     8.490066   
342660333     342660335     10.890052   
342660335     342660337     11.465185   
342660337     342660339     3.589108   
54060637     985096817     29.990443   
274070516     274070517     9.150857   
274070517     274070518     4.302354   
274070518     274070522     6.480899   
274070522     274070521     4.119784   
21069415     354726139     27.062130   
354734656     354734658     9.117533   
354734660     354734661     14.339163   
354734661     354734662     27.948051   
274070517     354734664     10.106242   
354734664     354734665     10.393331   
354734667     354734673     11.426878   
354734673     354734670     19.290516   
354734670     -2053181545     10.221132   
-2053181545     21069418     12.832843   
21069418     354734676     6.106283   
354734676     54060543     22.674526   
354734670     21069419     11.096845   
21069419     21069420     30.409115   
21069420     31004287     34.124364   
31004287     1377189453     15.081223   
1377189453     21069421     16.041960   
21069421     247956997     93.206281   
247956997     21069422     47.261071   
354734667     1377220129     12.524709   
1377220129     354734676     4.609113   
354734678     354734679     14.050033   
354734679     354734680     9.631438   
31004231     31004259     7.841263   
31004259     354734659     14.278447   
354734659     31004260     22.288997   
31004260     31004261     31.765030   
31004261     354734656     22.537023   
354734656     31004262     19.728495   
31004262     31004263     26.602191   
31004263     1644773883     6.023407   
1644773883     54060497     7.470357   
54060497     301382603     10.953268   
301382603     31004264     10.327837   
31004264     31004265     14.843439   
31004265     31004266     16.840182   
31004266     -2490     14.947316   
-2490     31004267     6.505677   
31004267     354734662     17.594030   
21069412     301383345     22.397756   
301383345     21069413     2.936278   
21069413     1974454284     4.291876   
1974454284     354734678     2.270967   
354734678     21069414     12.150308   
21069414     354734666     12.358674   
354734666     1644773889     8.141159   
1644773889     21069415     7.789026   
21069415     1644773886     11.036209   
342660331     26083239     17.506459   
26083239     304898252     13.366089   
304898252     342660345     4.676456   
237230489     237230507     23.398272   
237230507     237230494     20.591301   
237230494     298186511     19.468885   
298186511     237230497     4.920211   
237230497     9791529     15.686259   
21133755     1152092786     23.493950   
1152092786     21133756     33.684558   
21133756     1152092864     26.629381   
1152092864     21133757     50.722986   
21133757     1152092823     33.324264   
1152092823     21133758     45.861694   
48930592     48930590     39.189198   
48930590     1862252981     33.297256   
1862252981     298186514     8.715565   
298186514     48930588     15.498487   
298186506     -1851654831     15.208098   
298186505     298186510     12.403862   
21069422     247293248     8.308467   
247293248     21069423     45.297323   
21069423     288953461     8.634322   
288953461     244449810     28.848410   
1601125112     151854731     11.640729   
151854731     151854750     23.302819   
151854750     151854736     39.616079   
151854736     -1887763497     42.688204   
-1887763497     1790831308     49.631394   
1790831308     151854739     5.939630   
151854739     1790831310     10.861139   
1790831310     288777802     11.878604   
288777802     -2143395354     34.127251   
52866100     -1887763505     9.278315   
-1887763505     49572632     78.261820   
49572632     -1887763481     6.939220   
-1887763481     274073125     2.433622   
274073125     1790779976     21.499440   
1790779976     49572630     16.806612   
49572630     288777831     12.386239   
288777831     274252702     6.538722   
274252702     2053377764     17.168084   
2053377764     49572628     10.844951   
49572628     -1887763472     1.686100   
18667983     1160269644     14.622878   
1160269644     21069412     14.864301   
354734667     54070579     20.629309   
54070579     21545937     9.856287   
21545937     1668868122     13.396400   
1668868122     52905141     18.982563   
52905141     288958059     17.713144   
288958059     21545938     10.967170   
21545938     54070620     46.634095   
54070620     288958054     24.540305   
288958054     1601125172     48.989019   
1601125172     21545939     13.660101   
319432035     454231775     18.426885   
550148658     550148664     35.278340   
550173412     550173748     30.171885   
550173748     550173750     25.876434   
550173750     550173754     2.930500   
550173754     550173756     2.670849   
550173756     550173759     4.577546   
550173759     550173761     4.669231   
550173761     550173763     4.973236   
550173763     550173765     4.630912   
550173765     550173767     5.446856   
550173767     550173769     6.260554   
550173769     550172856     7.799187   
550172856     550173412     36.083450   
664210167     1659456367     8.390568   
1659456367     1152092878     3.831095   
1152092878     249612086     10.917983   
664210167     664210172     6.373707   
664210172     664210175     6.176677   
21545958     21545959     18.724015   
21545959     21133755     33.738135   
664210228     1152092850     9.244761   
1152092850     1152092785     17.714402   
1152092785     664210191     20.264663   
664210191     664210229     15.672957   
664210229     664235211     9.122067   
664235211     664210230     9.442918   
664210230     664210231     13.300836   
664210231     1377189445     3.098175   
1377189445     21545949     7.559080   
664210234     664210237     2.900860   
664210237     664210238     5.709434   
664210238     664210239     36.194375   
664210239     664210240     6.632721   
664210240     664210241     6.932986   
664210241     664210242     13.281414   
664210242     262687715     10.967076   
664210252     664210253     28.057247   
664210253     664210254     25.800920   
664210254     664210255     27.083341   
664210255     664210256     13.668087   
664210256     664210257     12.819746   
664210257     664210258     9.082179   
664210258     664210228     9.346559   
664217543     664210252     13.583831   
664210228     1836072747     13.949905   
1836072747     1152092840     12.958736   
1152092840     664210260     14.876399   
21545949     664212050     16.450621   
664212050     1659456407     5.098761   
1659456407     1659456374     9.001128   
1659456374     1659456320     15.310452   
1659456320     664212051     14.110016   
21545961     151917549     35.926544   
151917549     21545962     4.384663   
31004277     57620259     8.776724   
920423379     920423382     26.928390   
920423389     920423392     23.186890   
920423470     920423473     10.730293   
920423480     920423484     42.274561   
31004234     920423490     27.324164   
920423490     49510335     17.186476   
920423508     920423490     19.274185   
920423490     920423511     19.916040   
31004235     920423521     5.523559   
920423521     920423523     11.091063   
920423523     920423526     8.063119   
920423526     31004236     8.142269   
920423600     920423604     29.344208   
920423604     49510397     34.170891   
1701812266     920423473     9.822837   
920423473     920423631     10.267243   
920423631     1701810678     4.281580   
1701810678     1701810680     3.793855   
1701810680     1701810681     3.848135   
1701810681     920423633     3.536035   
920423633     1701810683     8.948459   
1701810683     920423634     4.177167   
920423634     1701810685     5.877092   
1701810685     920423604     59.559919   
920423652     920423655     103.075653   
921270449     921270450     7.474920   
921270509     921270511     16.309726   
921270511     921270513     22.313882   
921270513     151880755     15.843852   
921304545     921304549     16.186571   
921304549     921304554     20.657138   
921304554     921304490     23.230337   
921304949     921304957     46.465798   
921305003     921305006     24.652101   
49510370     920423379     50.870386   
921305117     921305120     28.414000   
921305201     921305204     8.554717   
921345534     921345535     33.880087   
921345535     921345536     34.924466   
921345536     41338176     35.510850   
921345543     921345544     38.854582   
921345545     921345536     97.419744   
54060524     54060527     17.820131   
247293258     -2402     18.932945   
-2402     247957013     24.804831   
247957013     -2406     2.279267   
-2406     -2410     28.649886   
-2410     247293177     6.631060   
247293177     247957009     12.664083   
247957009     1160269615     8.129277   
1160269615     -2454     15.235220   
-2454     983404841     36.948720   
983404841     247293259     5.315219   
985084904     985074726     26.625460   
985074726     1160269599     10.719777   
1160269599     985074731     17.836726   
985074731     985074735     21.875572   
985074735     1914623340     23.794396   
1160269664     985074756     7.369925   
985074756     985074731     13.568682   
985084875     247293213     3.335028   
247293213     247293214     4.106813   
247293214     -2360     7.639917   
-2360     -2424     3.119108   
-2424     354721641     12.322292   
354721641     354721642     6.441239   
354721642     247293218     9.027403   
985084873     985084875     17.486503   
985074726     985084877     10.114038   
247293274     985084880     5.487565   
985096804     57620259     4.259347   
57620259     985096805     3.217942   
985096805     -2372     10.514797   
-2372     -2376     23.531882   
-2376     -2368     31.424832   
-2368     985096810     21.155190   
985096810     985096764     7.932902   
985096764     985096813     4.179604   
985096813     985096817     13.106733   
985096817     985096821     2.816181   
985096821     985096825     2.859897   
985096825     -2416     41.665907   
-2416     985096827     23.853894   
985096827     985096804     5.692110   
21029316     1150101894     16.441830   
1150101894     1150101849     142.151949   
26653412     354734659     18.120211   
26653414     1152071963     10.039097   
41337031     1160269681     14.929401   
1160269681     1563529901     13.213221   
1563529901     1160269481     15.514829   
1160269481     1160269544     11.616372   
1160269544     1160269597     6.986390   
1160269597     1563529907     5.540877   
1563529907     1160269646     4.060061   
1160269646     1160269709     3.514129   
1160269709     1160269518     3.340560   
1160269518     1160269576     2.573308   
1160269576     1160269619     6.336101   
1160269619     1160269684     2.314740   
1160269684     1160269489     6.377433   
1160269489     1160269548     1.714213   
1160269548     1563529908     6.276204   
1563529908     1563529909     2.743209   
1563529909     1160269600     6.392931   
1160269600     1563529910     23.656470   
1563529910     247957025     10.091619   
1160269481     1160269703     9.517207   
-2143395359     1160269666     22.761752   
1160269666     1160269726     10.394721   
1160269726     1160269531     14.093636   
1160269531     1160269580     13.645272   
1160269499     247293174     10.595440   
247293174     304990730     17.365260   
304990730     247293176     15.236621   
247293176     -2462     19.132183   
-2462     247293175     28.905171   
1160269683     1160269599     26.940578   
921304534     921304537     13.253353   
921304537     41337014     40.677852   
50773846     1160269723     21.150265   
41337049     1160269730     6.373302   
1160269730     1160269658     27.680276   
1160269658     1160269713     4.542656   
1160269713     48900282     4.717177   
247293203     247293204     24.093135   
247293204     247293201     8.719963   
247293201     247293205     6.294624   
247293205     247293206     10.795201   
247293206     247293207     10.896927   
247293207     247293212     9.319549   
247293212     247293208     7.324287   
1187324679     1187324666     13.963132   
1187324666     -2560     14.079569   
-2560     1187324670     1.481977   
1187324670     1187324682     19.306653   
1187324682     1187324692     20.132888   
1187324692     1187324676     12.049047   
1187324676     1187324678     10.482227   
1187324678     1187324665     9.503655   
1187324665     1187324690     8.022412   
1303879428     1303879425     13.331731   
1303879425     1303879416     38.214849   
1303879416     21545957     23.137186   
21545957     21545958     4.255753   
250221635     1377189446     7.549356   
664210230     1377189443     12.902829   
1377189443     1377189434     2.659632   
1377189434     1377189433     9.512111   
1562924005     1914623339     13.311456   
1914623339     1562912126     12.017612   
1562912126     288976346     66.237352   
288976346     288976377     86.041662   
288976377     1562919320     16.897232   
1562919320     41337068     51.729009   
1562924056     1914623339     4.335348   
1914623339     288976344     32.396772   
1563529904     1563529905     7.670707   
1563529905     1563529906     3.179961   
1563529906     1563529903     25.290343   
1563529903     1563529902     5.732042   
1563529902     1563529900     7.208332   
1563622354     1563622351     19.326132   
1563622361     1563622357     28.122039   
1563622357     1563622355     24.517178   
1563622355     1563622354     8.760674   
1601125142     1601125088     7.490746   
1601125088     1601125096     16.289568   
1601125096     1601125103     13.139135   
1601125103     1601125136     9.329980   
1601125142     1601125099     17.362989   
1601125099     151880755     13.351279   
151880755     1601125151     6.541551   
1601125151     1601125104     7.131953   
1601125104     151880759     13.412706   
151880759     151880765     18.210924   
151880765     1914623337     4.908085   
1914623337     1601125106     11.957502   
1601125106     151880767     16.754291   
151880767     151880771     4.127270   
151880771     1601125135     14.504651   
1601125135     1601125132     25.023768   
1601125132     1601125086     21.078398   
1601125086     1601125112     15.013234   
1601125172     1601125137     7.503203   
1601125137     1601125144     7.283753   
1601125144     1601125154     2.445087   
1601134795     1601134705     8.473897   
1601134705     41337068     8.019489   
41337068     41338176     10.786514   
41338176     55424694     95.225736   
55424694     1601134769     17.394339   
1601134769     53358618     29.878865   
53358618     1601134736     6.536921   
1601134736     1601134692     13.805527   
301677725     1603595521     45.607287   
1603595521     1603595547     6.260819   
1603595547     1603595522     22.096322   
1603595524     1603595529     12.870088   
1603595529     1603595557     9.923285   
1603595557     1603595553     13.799556   
1603595553     247957025     12.526237   
1160269594     31004288     13.072163   
31004288     21545940     30.718548   
21545940     21545941     30.078011   
21545941     21545942     19.002478   
354734671     1644818713     5.320373   
1644818713     1644818714     4.907062   
1644818714     1644818715     6.911584   
31004287     1644833945     7.528487   
1644833945     -2053181548     10.933171   
-2053181548     -1887621624     12.673726   
21545960     298186515     31.094726   
298186515     21545962     19.954850   
1659456384     1659456325     5.004471   
1659456325     1659456321     3.392145   
1659456321     298186515     6.490805   
249612090     1659456314     19.965992   
1659456314     249612086     12.827762   
249612086     1659456274     19.010214   
1659456274     1659456290     23.371850   
1659456290     1659456282     27.137067   
1659456282     1659456363     30.306794   
1659456363     1659456331     28.523723   
1659456331     1659456411     35.445484   
1836072746     1659456391     1.169533   
1659456391     1303879442     14.192813   
1303879442     1659456323     24.188205   
1659456323     1836072750     28.858652   
1836072750     1303879428     27.841546   
1659456263     1659456284     10.024193   
1659456284     1659456339     4.851702   
249612090     1659456310     10.410401   
1659456310     1659456357     7.194014   
1659456357     1659456267     6.518953   
1659456267     664210167     9.261752   
21545941     1659456329     14.100520   
1659456329     1659456312     12.526835   
1659456312     249612090     11.750827   
21545962     1659456381     35.204897   
1659456381     664212051     15.711429   
21545947     1659456356     25.607609   
1659456356     250221634     11.316242   
250221634     1659456358     5.612035   
1659456358     1659456370     8.687735   
1659456370     1659456361     9.973566   
1659456361     1659456260     12.495045   
1659456260     1659456355     12.983923   
1659456355     1659456324     11.225661   
1659456324     1659456293     15.343238   
1659456293     1659456360     12.954814   
1659456360     1659456337     5.907775   
1659456337     21545957     6.291254   
54060555     54060557     5.429731   
1668111641     54060557     23.426642   
54060547     54060551     15.408128   
54060551     1725582974     6.505599   
1668111635     1668111640     38.330318   
54070586     1668868122     21.236481   
1698087079     1698087083     17.141422   
920423634     1701810682     5.998669   
1668111630     54060530     5.046637   
54060530     1668111631     3.291062   
1668111631     54060527     14.246793   
1668111630     1668111629     9.951461   
1668111629     54060534     2.178113   
54060534     54060603     1.699780   
54060603     1377220131     9.534219   
1668111640     1668111641     8.450803   
1668111641     1668111642     7.295554   
1725582974     54060555     4.404321   
54060555     1725582979     2.334572   
1725582979     1725582984     3.030223   
1725582984     1725582987     3.543574   
1725582987     1725582982     2.946766   
1725582982     1725582977     3.877843   
1725582977     1668111636     7.658442   
1601125136     1160269594     2.388892   
1790797031     1790797032     3.356792   
1790797032     1790797033     4.040209   
1790797033     1790797034     2.809125   
1790797034     1790797036     2.860052   
1790797036     288953386     1.578733   
288953386     288953376     1.095015   
1152071926     52872225     4.625881   
52872225     50773828     2.552731   
1601125154     1601125125     5.505578   
1601125125     1601125107     12.547003   
1601125107     1601125142     9.468084   
1601125109     1601125110     7.950391   
1601125110     1601125154     7.932771   
1659456404     1873019771     13.818023   
1873019771     1601125109     7.251171   
1967770415     1967770416     10.945151   
1967770416     1967770418     6.380757   
1967770418     1967770421     7.568099   
1967770421     1967770422     1.981255   
151854750     2027774282     20.213495   
2027774282     2027774280     34.269114   
2027774280     2027774276     6.787309   
2027774276     2027774338     18.676002   
2027774338     2027774317     42.858570   
2027774317     -1887763514     8.299535   
2027774338     2027774294     27.750309   
2027774294     2027774306     12.985348   
2027774306     2027774326     7.912826   
2027774326     2027774311     21.304773   
2027774294     2027774301     17.474031   
2027774301     2027774335     13.105570   
2027774301     2027774300     26.076965   
2027774300     -1887763495     22.938454   
-1887763495     2027774319     18.927239   
2027774281     2027774285     37.405002   
2027774285     921270536     11.461277   
921270536     288752023     19.837302   
288752023     288750412     12.367947   
288750412     288752018     10.540516   
288752018     288752016     12.050170   
288752016     247353854     12.956945   
247353854     288752015     9.715690   
288752015     288752007     12.974309   
288752007     163655025     8.249465   
163655025     288752005     7.394882   
288752005     1790831305     30.778674   
1790831305     151854739     16.064420   
2027774300     -1887763536     7.068953   
-1887763536     2027774330     6.837577   
2027774330     -1887763469     9.383383   
-1887763469     2027774291     8.022453   
274073127     274073128     5.752375   
274073128     1790852800     4.150271   
1790852800     274246829     40.620762   
274246829     274073129     8.493281   
274073129     274073130     7.120658   
54070505     -2466     25.526999   
-2466     -1887884712     3.261611   
-1887884712     984231792     23.740758   
984231792     54070501     5.598220   
54070586     54070576     16.877411   
54070576     54070579     11.168239   
2053377766     -1887763541     24.522373   
-1887763541     2053377760     10.173844   
2053377760     2053377755     8.387087   
2053377755     2053377762     4.809146   
2053377762     2053377764     7.210401   
247956995     1914623340     34.725427   
1914623340     247957004     3.373657   
247957004     247957005     42.396843   
247957005     247957006     9.857377   
247957006     247957007     8.766251   
247956995     247956996     110.146297   
247956996     247293247     34.970604   
247293247     247293259     31.803695   
247293259     247293253     17.401076   
247293253     247330377     16.030670   
247330377     247293246     33.946407   
2137538402     2137538406     49.232524   
2137538406     2137538435     15.376692   
342660319     2137538414     9.338026   
2137538414     2137538402     29.136609   
2137538402     2137538421     23.155964   
-2127045364     52635292     20.708342   
52635292     52635284     71.157413   
52635284     250131779     52.805968   
-2053181562     -2053181555     8.962607   
-2053181555     1659456404     8.729908   
1659456404     1160269542     6.643742   
1160269542     1160269594     7.724038   
21069418     -2053181541     3.674109   
-2053181541     -2053181543     2.216157   
-2053181543     354734673     5.931820   
993673509     -2053181537     3.392314   
-2053181537     -2053181539     4.154018   
-2053181539     1160269644     3.312580   
1659456334     -2053181559     1.818677   
-2053181559     -2053181552     5.238623   
-2053181552     -2053181551     1.877367   
-2053181551     -2053181557     3.577603   
-2053181557     -2053181555     4.635247   
1160269594     -2053181550     7.922091   
-2053181550     1659456339     7.971323   
1659456339     -2053181552     3.762525   
-2053181552     1659456332     9.198738   
1659456332     1873019789     8.391164   
-2034126738     48930563     5.306517   
48930563     50773834     6.675139   
31004245     921304490     10.286217   
921304490     54744188     4.458034   
54744188     1643862537     12.639899   
1643862537     31004246     8.345509   
31004246     31004247     21.133141   
31004247     53358626     20.735793   
53358626     31004248     18.119797   
31004248     31004249     12.711760   
31004249     31004250     9.985796   
31004250     54741756     7.652923   
54741756     31004251     13.586478   
31004251     31004252     9.602813   
31004252     1601134795     9.377700   
1601134795     54741752     3.086072   
54741752     31004253     11.528971   
31004253     31004254     41.171453   
31004254     31004256     30.174417   
31004256     1152071934     29.146385   
1152071934     31004231     17.941386   
-2032137653     301673133     4.187031   
1644773886     274069728     8.201607   
274069728     -2478     35.933011   
-2478     354734677     3.227165   
354734677     21069416     12.186764   
21069416     288958080     5.233928   
288958080     1668111642     1.459111   
1668111642     54060565     22.594500   
54060565     288958073     3.098775   
288958073     21069417     33.924432   
21069417     354734672     20.287615   
354734672     1377220131     8.879059   
1377220131     54060543     4.582022   
1659456339     1659456404     7.459546   
262687715     1659456326     16.563213   
1659456326     1659456327     25.933012   
1659456327     1659456394     21.907676   
1659456394     1659456263     14.934902   
1659456263     1659456334     9.768984   
1659456334     1659456332     10.887154   
274082805     -1888581177     15.053901   
-1888556203     -1888556246     5.479651   
-1888556233     -1888556214     10.857306   
-1888556214     -1888556174     2.311008   
-1888556174     -1888556139     6.520759   
-1888556139     -1888556138     4.253644   
-1888556138     -1888556134     2.135877   
-1888556134     -1888581133     1.751173   
-1888556117     -1888556155     2.072883   
-1888556155     -1888556233     3.052833   
-1888556157     -1888556222     1.742577   
-1888556144     -1888556158     2.912790   
-1888556158     -1888556237     4.200203   
-1888556237     -1888556146     1.910152   
-1888556146     -1888556228     3.465030   
-1888556228     -1888556199     2.780635   
-1888556199     -1888556207     1.404754   
-1888556237     -1888556184     3.949050   
-1888556184     -1888556226     7.283912   
-1888556226     -1888556223     3.578386   
-1888556223     -1886288649     2.506298   
-1888556242     -1888556191     2.463906   
-1888556191     -1888556201     3.407245   
-1888556201     -1888556203     3.135506   
-1888556203     -1888556206     1.371533   
-1888556206     -1888556128     5.316865   
-1888556174     -1888556156     1.470323   
-1888556156     -1888556218     2.277655   
-1888556218     -1888556250     3.743269   
-1888556250     -1888556153     8.163396   
-1888556153     -1888556143     6.282176   
-1888556143     -1888556124     2.267050   
-1888556124     -1888556132     3.773923   
-1888556132     -1888556205     4.015602   
-1888556205     -1888556195     3.508034   
-1888556165     -1888556183     1.631848   
-1888556183     -1888556211     1.543776   
-1888556211     -1888556151     1.348070   
-1888556151     -1888556251     1.972242   
-1888556251     -1888556196     0.778106   
-1888556231     -1888556190     1.623860   
-1888556190     -1888556159     2.096756   
-1888556159     -1888556131     5.573892   
-1888556204     -1888556136     5.238893   
-1888556136     -1888556242     3.873693   
-1888556242     -1888556129     1.606079   
-1888556129     -1888556163     5.280538   
-1888556163     -1888556204     5.628405   
-1888556245     -1888556157     7.501963   
-1888556157     -1888556182     2.111630   
-1888556182     -1888556164     5.655355   
-1888556164     -1888556240     4.832945   
-1888556193     -1888556118     2.105730   
-1888556118     -1888556165     1.805579   
-1888556165     -1888581177     1.369279   
-1888581177     -1888556210     2.330234   
-1888556210     -1888556247     2.293873   
-1888556247     -1888556241     2.105730   
-1888556241     -1888556200     1.185660   
-1888556200     -1888556248     2.420516   
-1888556248     -1888556148     2.999421   
-1888556148     -1888556122     2.274823   
-1888556122     -1888556207     2.145088   
-1888556207     -1888556119     2.059601   
-1888556119     -1888556169     2.088890   
-1888556169     -1888556208     1.973967   
-1888556208     -1888556179     1.571391   
-1888556179     -1888556142     1.918060   
274082814     -1888556244     2.977188   
-1888556244     -1886288647     4.156883   
-1888556193     -1888556235     2.664456   
-1888556235     -1888556227     2.573177   
-1888556227     -1888556221     2.940646   
-1888556221     -1888556225     2.745257   
-1888556153     -1888556149     2.241764   
-1888556149     -1888556236     1.804387   
-1888556236     -1888556180     6.246376   
-1888556180     -1888556121     3.861957   
-1888556121     -1888556172     5.130197   
-1888556172     -1888556113     2.127539   
-1888556113     -1888556137     5.348295   
-1888556137     -1888556156     14.390441   
-1887884787     -1887884727     5.423544   
-1887884727     -1887884934     3.617696   
-1887884679     -1887884946     19.612421   
-1887884818     -1887884692     20.612827   
-1888556204     -1888556131     2.012721   
-1887884675     -1887884700     4.541812   
-1887884700     -1887884858     7.143166   
-1887884858     -1887884762     4.287568   
-1887884762     -1887884795     4.271808   
-1887884795     -1887884681     4.448636   
-1887884681     -1887884824     3.869750   
-1887884824     -1887884883     3.516362   
-1887884883     -1887884758     5.787248   
-1887884758     -1887884887     5.015893   
-1887884887     -1887884833     2.392108   
-1887884833     -1887884694     5.460729   
-1887884694     -1887884698     11.746363   
-1887884698     -1887884901     10.157784   
-1887884901     -1887884816     3.145138   
-1887884816     -1887884787     3.897127   
-1887884787     -1887884752     4.692924   
-1887884752     -1887884657     1.628692   
-1887884657     -1887884735     6.771939   
-1887884735     -1887884872     21.173105   
-1887884872     -1887884839     15.490272   
-1887884901     -1887884671     9.658184   
-1887884671     -1887884743     22.853535   
-1887884839     -1887884842     3.220200   
-1887884842     -1887884937     4.686413   
-1887884937     -1887884895     4.179394   
-1887884895     -1887884791     3.391318   
-1887884802     -1887884708     6.235562   
-1887884708     -1887884667     6.020458   
-1887884667     -1887884746     4.253583   
-1887884746     -1887884821     3.726422   
-1887884821     -1887884714     5.012507   
-1887884714     -1887884738     5.304252   
-1887884738     -1887884754     6.758600   
-1887884833     -1887884917     4.275135   
-1887884836     -1887884748     5.025227   
-1887884748     -1887884941     2.443070   
-1887884941     -1887884864     18.263718   
-1887884864     -1887884675     2.315621   
-1887884675     288953380     2.690034   
-1887884913     -1887884898     11.432445   
-1887884805     -1887884696     19.787516   
-1887884769     -1887884798     5.398414   
-1887884798     -1887884773     4.411384   
-1887884773     -1887884781     3.679692   
-1887884781     -1887884923     2.490383   
-1887884923     -1887884756     1.856890   
-1887884756     -1887884722     4.047286   
-1887884722     -1887884793     2.279379   
-1887884793     -1887884777     4.635965   
-1887884777     -1887884853     4.957274   
-1887884809     -1887884683     11.919327   
-1887884730     -1887884767     4.271376   
-1887884767     -1887884880     5.460364   
-1887884796     -1887884814     11.963172   
-1887884941     -1887884715     9.370626   
-1887884715     -1887884710     2.912941   
-1887884910     -1887884850     4.348222   
-1887884850     -1887884920     4.321431   
-1887884920     -1887884677     5.883809   
-1887884677     21069417     11.495479   
-1887884783     -1887884913     31.845989   
-1887884913     -1887884856     8.527847   
-1887884856     -1887884814     1.052862   
-1887884814     -1887884766     7.543640   
-1887884766     -1887884809     5.510501   
-1887884809     -1887884724     1.507647   
-1887884724     -1887884764     5.860930   
-1887884764     -1887884847     4.661808   
-1887884847     -1887884801     5.730362   
-1887884801     -1887884779     4.243923   
-1887884779     -1887884687     8.743608   
-1887884687     -1887622505     4.103083   
-1887622505     -1887884946     6.998096   
-1887884946     -1887884692     8.712583   
-1887884692     -1887884719     1.891414   
-1887884719     -1887884785     13.983890   
-1887884785     -1887884769     13.481765   
-1887884769     -1887884807     9.808947   
-1887884807     -1887884931     9.288892   
-1887884931     -1887884880     11.667036   
-1887884715     288953459     17.704999   
-1887865268     -1887865281     16.433144   
-1887865270     -1887865284     26.510849   
274082809     -1887865267     3.325211   
-1887865267     -1887865274     9.702343   
151854784     -1887865265     12.107853   
-1887865265     -1887865283     7.988193   
-1887794901     54060579     9.908282   
54060579     54060584     13.182110   
54060584     54060588     41.421562   
54060588     54060591     12.680595   
54060591     54060595     8.011954   
-1887763537     -1887763549     4.476175   
-1887763549     -1887763511     16.941605   
-1887763501     -1887763502     4.173102   
-1887763502     -1887763468     3.561006   
-1887763468     -1887763550     3.350090   
-1887763550     -1887763548     2.631106   
-1887763548     -1887763507     2.056683   
-1887763507     -1887763470     2.097996   
-1887763470     -1887763499     31.603323   
-1887763499     -1887763528     5.399952   
-1887763528     -1887763537     23.339496   
-1887763537     -1887763539     10.197566   
-1887763539     -1887763515     46.025586   
-1887763515     2053377762     4.690717   
-1887763485     -1887763507     35.848765   
151854866     -1887763505     9.060879   
288777817     -1887763492     5.169642   
-1887763492     -1887763476     5.276419   
-1887763476     -1887763504     2.172077   
-1887763504     -1887763544     1.732968   
-1887763544     -1887763488     5.163307   
-1887763488     -1887763541     13.659089   
-1887763510     288777841     2.918194   
-1887763506     -1887763542     8.806938   
-1887763542     -1887763498     36.331152   
-1887763498     -1887763551     17.294196   
-1887763551     288777867     35.746766   
288777867     -1887763517     5.802449   
-1887763517     -1887763496     6.971929   
288777825     -1887763480     5.056713   
-1887763480     -1887763525     23.736277   
-1887763507     -1887763524     5.244548   
-1887763524     -1887763535     4.856044   
-1887763535     -1887763473     4.164195   
-1887763547     -1887763504     31.225546   
2027774335     -1887763531     7.194682   
-1887763531     -1887763500     5.403155   
-1887763500     -1887763518     6.276765   
-1887763518     -1887763474     4.631286   
-1887763474     -1887763512     3.405950   
-1887763512     -1887763477     2.371906   
-1887763477     -1887763479     2.748861   
-1887763479     -1887763545     4.453810   
-1887763545     -1887763526     5.057227   
-1887763526     -1887763538     7.049316   
-1887763538     -1887763514     3.880269   
-1887763514     -1887763513     7.454434   
-1887763513     -1887763523     10.669613   
-1887763523     2053377766     5.733273   
2053377766     -1887763547     19.918664   
-1887763547     -1887763506     39.737867   
-1887763506     2027774280     13.811715   
-1887763481     -1887763478     4.276106   
-1887763497     -1887763482     11.157463   
-1887763482     -1887763534     5.229486   
-1887763534     -1887763516     5.828717   
-1887763516     -1887763508     4.384749   
-1887763508     -1887763483     3.340617   
-1887763483     -1887763496     2.854129   
-1887763496     -1887763509     5.250815   
-1887763509     -1887763503     6.632252   
-1887763543     -1887763514     7.680899   
-1887763539     -1887763489     7.725286   
-1887763489     -1887763530     1.884222   
-1887763530     -1887763520     2.841362   
-1887763520     -1887763529     11.911657   
-1887763529     -1887763471     1.563544   
-1887763471     -1887763475     7.167817   
-1887763475     -1887763487     2.404344   
-1887763487     -1887763486     9.028485   
-1887763486     -1887763546     3.190348   
-1887763546     -1887763520     8.644191   
-1887763478     -1887763543     9.513570   
-1887622539     -1887622560     15.995657   
-1887622539     -1887622026     3.438199   
-1887622026     -1887622498     2.731793   
-1887622498     -1887622022     2.525610   
-1887622022     -1887622545     1.899833   
-1887622545     -1887622548     2.023509   
-1887622548     -1887622024     3.031854   
-1887622024     -1887622505     13.967753   
-2053181548     -1887621626     2.748853   
-1887621626     -1887621614     3.359021   
-1887621614     -1887621610     4.595444   
-1887621610     -1887621606     5.059866   
-1887621606     -1887621612     6.862397   
-1887621612     -1887621616     4.133652   
-1887621616     -1887621608     5.461752   
-1887621608     -1887621622     7.208993   
1644833945     -1887621618     10.232968   
-1887621618     -1887621622     2.433923   
-1887621622     -1887621620     6.786313   
-1887621610     -1887621628     3.769093   
-1888556226     -1886288651     2.979866   
-1886288648     -1886288643     3.666347   
-1886288643     -1886288653     2.378653   
-1886288653     -1888556207     2.731432   
-1888556247     -1886288645     2.050198   
-1886288645     -1886288646     4.256159   
-1888556200     -1886288642     2.355477   
-1886288642     -1886288652     2.222862   
-1886288652     -1886288654     1.631844   
-1886288654     -1886288650     2.772798   
-1886288650     -1886288648     1.703187   
-1886288648     -1886288644     2.694869   
-1886275265     -1886275251     19.059970   
354734662     31004268     20.252878   
31004268     31004269     10.904699   
31004269     21069412     14.488168   
250131779     52635282     12.778323   
52635282     52635281     9.916507   
52635281     52732247     8.505019   
52732247     52728506     11.021627   
342647088     26083243     18.187776   
26083243     52728502     6.238882   
52728502     52728506     16.833102   
151917543     21545964     5.989129   
21545964     52732230     7.526968   
52732230     342647088     8.856952   
-1851654833     -1851654832     11.283404   
-1851654832     -1851654830     56.329229   
-1851654830     -1851654831     6.371173   
1152071963     31004231     14.725883   
26653416     26653417     4.332499   
26653417     26653407     2.714825   
26653407     26653409     4.039915   
26653409     26653410     4.523927   
26653410     26653411     3.931274   
26653411     26653412     4.605958   
26653412     26653413     3.379249   
26653413     26653414     4.420683   
1698087079     1152071963     67.001150   
27081318     27081319     4.947966   
27081319     27081320     42.762346   
27081320     1150101894     48.041430   
1150101894     27081322     69.444322   
27081322     1698087083     15.652028   
1698087083     27081323     15.829114   
27081323     27081324     23.578799   
27081324     26653416     16.244632   
-1851654831     21545961     61.979003   
27081326     27081328     13.220660   
27081328     26653386     19.588420   
247293217     -2450     29.855466   
247958719     247958718     37.626051   
57620252     985096754     32.710119   
